version https://git-lfs.github.com/spec/v1
oid sha256:b98e0323dc9605443c347a3386ca45397e159ff98c897b1cc515376e8301bf1c
size 72195
